101 000
103 00100
89 00101000
120 001010010
75 001010011
71 001010100
66 0010101010
78 0010101011
41 00101011
99 001011
97 0011
109 01000
65 0100100
40 01001010
69 010010110
68 01001011100
50 01001011101
80 0100101111
112 0100110
79 0100111000
45 0100111001
74 010011101
84 01001111
100 01010
121 01011
110 0110
116 0111
117 10000
108 10001
39 100100
67 10010100
48 10010101000
49 10010101001
93 1001010101
91 1001010110
86 10010101110
1 10010101111000
76 10010101111001
106 1001010111101
70 100101011111
107 1001011
119 100110
73 100111
111 1010
104 10110
114 10111
10 11000
44 11001000
83 110010010
82 1100100110
77 1100100111
98 1100101
118 1100110
102 1100111
115 11010
105 11011
32 111
